0
139
446
921
556
359
330
469
776
243
886
689
660
799
98
573
208
11
990
121
428
903
538
341
312
451
758
225
868
671
642
781
80
555
190
1001
972
103
410
885
520
323
294
433
740
207
850
653
624
763
62
537
172
983
954
85
392
867
502
305
276
415
722
189
832
635
606
745
44
519
154
965
936
67
374
849
484
287
258
397
704
171
814
617
588
727
26
501
136
947
918
49
356
831
466
269
240
379
686
153
796
599
570
709
8
483
118
929
900
31
338
813
448
251
222
361
668
135
778
581
552
691
998
465
100
911
882
13
320
795
430
233
204
343
650
117
760
563
534
673
980
447
82
893
864
1003
302
777
412
215
186
325
632
99
742
545
516
655
962
429
64
875
846
985
284
759
394
197
168
307
614
81
724
527
498
637
944
411
46
857
828
967
266
741
376
179
150
289
596
63
706
509
480
619
926
393
28
839
810
949
248
723
358
161
132
271
578
45
688
491
462
601
908
375
10
821
792
931
230
705
340
143
114
253
560
27
670
473
444
583
890
357
1000
803
774
913
212
687
322
125
96
235
542
9
652
455
426
565
872
339
982
785
756
895
194
669
304
107
78
217
524
999
634
437
408
547
854
321
964
767
738
877
176
651
286
89
60
199
506
981
616
419
390
529
836
303
946
749
720
859
158
633
268
71
42
181
488
963
598
401
372
511
818
285
928
731
702
841
140
615
250
53
24
163
470
945
580
383
354
493
800
267
910
713
684
823
122
597
232
35
6
145
452
927
562
365
336
475
782
249
892
695
666
805
104
579
214
17
996
127
434
909
544
347
318
457
764
231
874
677
648
787
86
561
196
1007
978
109
416
891
526
329
300
439
746
213
856
659
630
769
68
543
178
989
960
91
398
873
508
311
282
421
728
195
838
641
612
751
50
525
160
971
942
73
380
855
490
293
264
403
710
177
820
623
594
733
32
507
142
953
924
55
362
837
472
275
246
385
692
159
802
605
576
715
14
489
124
935
906
37
344
819
454
257
228
367
674
141
784
587
558
697
1004
471
106
917
888
19
326
801
436
239
210
349
656
123
766
569
540
679
986
453
88
899
870
1
308
783
418
221
192
331
638
105
748
551
522
661
968
435
70
881
852
991
290
765
400
203
174
313
620
87
730
533
504
643
950
417
52
863
834
973
272
747
382
185
156
295
602
69
712
515
486
625
932
399
34
845
816
955
254
729
364
167
138
277
584
51
694
497
468
607
914
381
16
827
798
937
236
711
346
149
120
259
566
33
676
479
450
589
896
363
1006
809
780
919
218
693
328
131
102
241
548
15
658
461
432
571
878
345
988
791
762
901
200
675
310
113
84
223
530
1005
640
443
414
553
860
327
970
773
744
883
182
657
292
95
66
205
512
987
622
425
396
535
842
309
952
755
726
865
164
639
274
77
48
187
494
969
604
407
378
517
824
291
934
737
708
847
146
621
256
59
30
169
476
951
586
389
360
499
806
273
916
719
690
829
128
603
238
41
12
151
458
933
568
371
342
481
788
255
898
701
672
811
110
585
220
23
1002
133
440
915
550
353
324
463
770
237
880
683
654
793
92
567
202
5
984
115
422
897
532
335
306
445
752
219
862
665
636
775
74
549
184
995
966
97
404
879
514
317
288
427
734
201
844
647
618
757
56
531
166
977
948
79
386
861
496
299
270
409
716
183
826
629
600
739
38
513
148
959
930
61
368
843
478
281
252
391
698
165
808
611
582
721
20
495
130
941
912
43
350
825
460
263
234
373
680
147
790
593
564
703
2
477
112
923
894
25
332
807
442
245
216
355
662
129
772
575
546
685
992
459
94
905
876
7
314
789
424
227
198
337
644
111
754
557
528
667
974
441
76
887
858
997
296
771
406
209
180
319
626
93
736
539
510
649
956
423
58
869
840
979
278
753
388
191
162
301
608
75
718
521
492
631
938
405
40
851
822
961
260
735
370
173
144
283
590
57
700
503
474
613
920
387
22
833
804
943
242
717
352
155
126
265
572
39
682
485
456
595
902
369
4
815
786
925
224
699
334
137
108
247
554
21
664
467
438
577
884
351
994
797
768
907
206
681
316
119
90
229
536
3
646
449
420
559
866
333
976
779
750
889
188
663
298
101
72
211
518
993
628
431
402
541
848
315
958
761
732
871
170
645
280
83
54
193
500
975
610
413
384
523
830
297
940
743
714
853
152
627
262
65
36
175
482
957
592
395
366
505
812
279
922
725
696
835
134
609
244
47
18
157
464
939
574
377
348
487
794
261
904
707
678
817
116
591
226
29